0 0.236538 0.587135 0.031600 0.113633
0 0.124356 0.589504 0.066363 0.153090
0 0.194406 0.590290 0.044237 0.126236
0 0.268144 0.576086 0.050563 0.104157
0 0.310275 0.578455 0.037925 0.108895
0 0.597844 0.580037 0.035813 0.105730
0 0.669475 0.588717 0.037925 0.119944
0 0.707400 0.583184 0.040025 0.140449
0 0.750588 0.585562 0.048450 0.126255
0 0.813787 0.606077 0.063200 0.157809
0 0.880675 0.615543 0.062150 0.151498
0 0.349775 0.579251 0.030550 0.107303
0 0.377694 0.574513 0.033712 0.104157
0 0.407713 0.587931 0.041075 0.112041
0 0.449850 0.585562 0.038975 0.116779
0 0.489350 0.578464 0.037925 0.127828
0 0.527800 0.576096 0.038975 0.097846
0 0.561506 0.583979 0.043188 0.107322
